mAP: 0.8106097688493072
AP_50: 0.9720638718853654
AP_75: 0.9127115581149069
AP_small: 0.3380107072116431
AP_m: 0.4362996796378684
AP_l: 0.8431922864978864
