mAP: 0.8128052011733881
AP_50: 0.9739045687811516
AP_75: 0.9133100215299941
AP_small: 0.36364264283492215
AP_m: 0.4517456183924483
AP_l: 0.8436715543089532
