mAP: 0.8107207834293517
AP_50: 0.9720494119137758
AP_75: 0.9129240010053514
AP_small: 0.3380107072116431
AP_m: 0.43628887548329076
AP_l: 0.8429882158056283
