mAP: 0.810703553509142
AP_50: 0.9720543511602824
AP_75: 0.9127157816337729
AP_small: 0.3380155806673271
AP_m: 0.4362995797568536
AP_l: 0.8432728835471339
