mAP: 0.8148760744330603
AP_50: 0.974435890612213
AP_75: 0.9155839618940644
AP_small: 0.3312318710212259
AP_m: 0.47211369271564657
AP_l: 0.8452061411332209
