mAP: 0.8149616323505735
AP_50: 0.9744379893704501
AP_75: 0.9156453246157756
AP_small: 0.3314766141663974
AP_m: 0.4720896041675418
AP_l: 0.845237328099406
