mAP: 0.8107199694513194
AP_50: 0.9720508429112785
AP_75: 0.9129222845866459
AP_small: 0.3380155806673271
AP_m: 0.4362895320927275
AP_l: 0.8429826627152207
