mAP: 0.8106768126967124
AP_50: 0.9727558854666847
AP_75: 0.909073740004812
AP_small: 0.35696079611317594
AP_m: 0.43899487835016104
AP_l: 0.843187500754474
