mAP: 0.8159716736085516
AP_50: 0.9751322346462103
AP_75: 0.9151498856581959
AP_small: 0.36771202241212186
AP_m: 0.475640274597652
AP_l: 0.8452288158037323
